PID,SaleCondition
527105030,0
527127150,0
527163010,0
527216070,0
527258010,0
527276150,0
527368020,0
527402250,0
527404120,0
527451180,0
528120090,0
528120100,0
528120120,0
528138020,0
528175010,0
528180070,0
528231020,0
528292020,0
528358010,0
528445060,0
531451280,0
531453040,0
531477050,0
532351140,0
532479070,0
533130160,0
533205060,0
533210060,0
533223020,0
533352170,0
534102025,0
534129040,0
534152070,0
534176230,0
534251320,0
534276360,0
534401140,0
534451150,0
535101020,0
535304180,0
535327140,0
535377090,0
535401080,0
535425010,0
902104060,0
902106140,0
902125160,0
902128170,0
902206040,0
902206130,0
902207140,0
902305110,0
902402130,0
902403070,0
903204040,0
903233120,0
903234050,0
903430080,0
904300150,0
905101310,0
905105070,0
905106140,0
905106170,0
905107250,0
905107320,0
905109130,0
905109170,0
905325030,0
905426200,0
905452110,0
905453080,0
906402200,0
906425045,0
907125090,0
907180050,0
907200340,0
907250030,0
907252120,0
907262050,0
907401090,0
908102060,0
908102110,1
908102130,0
908102170,0
908152080,0
908203100,0
908208020,0
909100080,0
909176140,0
909250060,0
909281080,0
909428280,0
909455040,0
910202060,0
910205120,0
916386010,0
916386090,0
923202105,0
923225300,0
923225390,0
923226320,0
923276250,0
924100050,0
527108070,0
527110020,0
527127100,0
527131030,0
527132090,0
527162110,0
527162120,0
527164020,0
527166010,0
527182110,0
527258020,0
527355150,0
527356040,0
527359180,0
527365030,0
527375100,0
527402220,0
527403040,0
527451540,0
527451640,0
527453050,0
527453060,0
527454050,0
527455050,0
527455240,0
528104070,0
528108010,0
528108070,0
528118060,0
528120020,0
528142090,0
528166060,0
528166090,0
528168030,0
528174050,0
528174060,0
528174070,0
528186180,0
528188020,0
528218090,0
528220040,0
528228290,0
528235090,0
528240150,0
528250020,0
528275160,0
528280230,0
528292040,0
528292070,0
528344100,0
528431070,0
528441020,0
528456180,0
528458020,0
528458160,0
528458180,0
528488100,0
531369020,0
531375040,0
531375090,0
531375130,0
531385020,0
531477020,0
532378180,0
533206020,0
533210010,0
533213010,0
533213020,0
533223030,0
534127130,0
534128100,0
534151120,0
534175080,0
534226120,0
534250400,0
534276040,0
534278070,0
534400290,0
534431130,0
534475185,0
534476150,0
535104120,0
535126010,0
535151040,0
535179160,0
535300120,0
535301170,0
535303150,0
535325290,0
535354070,0
535376060,0
535377150,0
535382100,0
535383120,0
535402010,0
535402330,0
535403280,0
535451250,0
535453200,0
902102080,0
902103100,0
902103120,0
902103170,0
902106060,0
902110080,0
902201110,0
902205030,0
902207170,0
902326030,0
902327070,0
902329080,0
902331010,1
902402150,0
903200080,0
903201020,0
903202170,0
903226130,0
903227070,0
903227090,0
903231060,0
903231130,0
903458170,0
903476090,0
904301060,0
904301070,0
904351240,0
905103040,0
905103070,0
905105190,0
905108220,0
905225090,0
905451300,0
905451340,0
905452040,0
905480030,0
905480210,0
906201021,0
906201130,0
906226120,0
906226130,0
906226140,0
906230010,0
906230020,0
906230030,0
906380100,0
906380130,0
906426210,0
907126050,0
907130100,0
907135170,0
907181100,0
907194010,0
907201280,0
907202080,0
907227080,0
907227290,0
907252210,0
907252220,0
907265010,0
907275010,0
907290180,0
907414080,0
908102050,0
908128060,0
908152035,0
908154040,0
908186080,0
908203090,0
908225290,0
909101010,0
909129100,0
909250080,0
909250220,0
909251050,0
909254010,0
909257050,0
909275080,0
909278020,0
909282130,0
909451040,0
909451140,0
909451180,0
909475300,0
910204050,0
911104060,1
911370500,0
914465040,0
914465055,0
914475010,0
916382100,0
916382110,0
916386140,0
916403010,0
916403200,0
916455070,0
916460110,0
923201100,0
923230200,0
923275040,0
923400025,0
526351030,0
526353050,0
527106050,0
527106140,0
527107210,0
527208010,0
527276040,0
527301170,0
527302185,0
527357110,0
527358120,0
527427110,0
527450250,0
527451400,0
527451550,0
527453160,0
528102030,0
528102110,0
528108150,0
528118030,0
528170070,0
528180110,0
528186080,0
528188090,0
528190010,0
528228540,0
528235020,0
528235180,0
528240040,0
528315060,0
528363110,0
528365060,0
528365080,0
528427010,0
528458050,0
528462040,0
528477040,0
528478040,0
528490080,0
531363060,0
531375110,0
531375120,0
531382110,0
531382120,0
531385060,0
531450030,0
532351050,0
533213120,0
533236070,0
533236090,0
533250160,0
533350120,0
534126090,0
534127210,0
534127230,0
534129060,0
534177180,0
534201240,0
534225110,0
534252270,0
534400030,0
534401130,0
534401190,0
534403100,0
534455030,0
534477080,0
534479150,0
535105060,0
535151160,0
535178060,0
535301080,0
535305160,0
535352080,0
535354200,0
535380050,0
535380110,0
535425060,0
535426260,0
535451230,0
535453040,0
535453210,0
535456100,0
535477090,0
902100020,0
902100030,0
902109110,0
902201120,0
902201140,0
902202090,0
902304060,0
902401120,0
902405070,0
902406090,0
902427045,0
903201030,0
903226060,0
903226150,0
903228060,0
903231080,0
903232090,0
903234090,0
903235100,0
903236010,0
903400180,0
903401020,0
903401030,0
903425420,0
903452025,0
903456130,0
903458110,0
903475020,0
903484020,0
904100020,0
904100040,0
904101170,0
905103030,0
905108170,0
905200090,0
905227050,0
905352030,0
905401045,0
905425125,0
905426030,0
905480150,0
906204280,0
906420130,0
907126030,0
907194020,0
907202010,0
907202160,0
907202190,0
907202240,0
907227050,0
907253060,0
907255060,0
907260010,0
907262030,0
907285080,0
907290250,0
907295020,0
907405140,0
907412070,0
908102030,0
908103260,0
908128050,0
908128110,0
908152110,0
908154235,0
908186040,0
908226120,0
908250090,0
908275180,0
908275280,0
908276140,0
909100170,0
909101180,0
909131170,0
909175050,0
909175100,0
909275040,0
909275050,0
909281030,0
909425085,0
909451020,0
910200080,0
911370490,0
911370520,0
914475020,0
914476080,0
916226030,0
916402215,0
916460060,0
923225310,0
923225370,0
923227030,0
923252100,0
923400040,0
924100020,0
526352080,0
527110080,0
527110130,0
527126030,0
527165020,0
527226040,0
527256040,0
527301080,0
527301280,0
527302090,0
527325110,0
527327050,0
527353080,0
527356050,0
527377110,0
527402090,0
527402150,0
527404050,0
527404140,0
527427160,0
527450030,0
527455030,0
528102120,0
528102130,0
528106110,0
528120010,0
528142050,0
528150110,0
528150120,0
528172050,0
528174030,0
528181080,0
528186050,0
528218020,0
528221040,0
528221050,0
528221090,0
528222030,0
528222060,0
528222090,0
528228275,0
528228375,0
528231030,0
528275110,0
528290170,0
528294010,0
528322020,0
528354060,0
528427100,0
528429110,0
528435060,0
528445020,0
528456190,0
528458090,0
528458130,0
528458150,0
528480180,0
528482090,0
531376060,0
531451030,0
531451150,0
531477040,0
532353120,0
532354010,0
532354060,0
532354070,0
532378240,0
532479120,0
533208010,0
533208070,0
533213140,0
533221060,0
533221100,0
533223050,0
533244040,0
533250190,0
533252130,0
533350020,0
534104090,0
534151090,0
534202030,0
534252060,0
534252110,0
534401120,0
534403290,0
534425080,0
534450090,0
534476080,0
534479120,0
535101150,0
535102010,0
535105110,0
535176070,0
535177020,0
535177110,0
535301060,0
535301160,0
535302070,0
535304170,0
535305180,0
535327200,0
535450190,0
535450220,0
535450310,0
535451040,0
535452060,0
535453180,0
535457040,0
535477180,0
902106070,0
902107050,0
902205020,0
902206270,0
902300020,0
902301130,0
902303100,0
902330090,0
903201090,0
903228080,0
903231090,0
903233050,0
903233140,0
903401070,0
903425270,0
903430040,0
903454010,0
903484080,0
905101070,0
905102010,0
905103110,0
905104170,0
905105170,0
905200010,0
905226080,0
905226130,0
905226170,0
905228020,0
905301050,0
905475270,0
905476160,1
906378170,0
906380010,0
906380140,0
906380200,0
906403060,0
907125120,0
907130060,0
907180040,0
907192020,0
907192150,0
907202100,0
907227100,0
907250050,0
907252020,0
907260040,0
907262020,0
907275150,0
907285040,0
907295040,0
907420050,0
908102100,0
908152070,0
908152280,0
908152290,0
908186050,0
908225310,0
909176170,0
909251040,0
909254130,0
909254140,0
909256120,0
909275160,0
909276210,0
909281020,0
909282020,0
909425140,0
910202030,0
910204090,0
914452090,0
914452120,0
914460020,0
914460110,0
916226090,0
916253320,0
916384150,0
916455050,0
916460020,0
916475020,0
921128030,0
923202134,0
923204050,0
923205025,0
923225050,0
923228250,0
923228290,0
923229040,0
923229140,0
923230120,0
923252080,0
923275200,0
526302040,0
526303060,0
527107020,0
527108030,0
527146135,0
527158020,0
527163020,0
527166030,0
527190050,0
527212030,0
527212040,0
527216010,0
527226010,0
527256120,0
527325160,0
527327080,0
527355280,0
527377030,0
527403120,0
527450010,0
527450080,0
528102080,0
528106120,0
528114010,0
528116030,0
528142060,0
528142110,0
528144030,0
528164040,0
528172150,0
528174080,0
528181040,0
528186110,0
528218060,0
528218140,0
528228325,0
528228415,0
528228545,0
528235050,0
528235130,0
528275080,0
528315070,0
528344060,0
528363070,0
528429130,0
528456200,0
528477010,0
528477030,0
528480110,0
528488120,0
531376050,0
531379030,0
531450040,0
531451290,0
531479030,0
532351060,0
532353180,0
532376180,0
532378050,0
533125120,0
533128030,0
533128090,0
533221080,0
533223010,0
533223110,0
533241010,0
533252020,0
533253090,0
533253160,0
534126060,0
534176250,0
534201130,0
534201250,0
534201260,0
534202180,0
534400120,0
534430050,0
534451050,0
534453150,0
534475160,0
534476100,0
534479240,0
534479300,0
535101110,0
535152070,0
535176050,0
535180070,0
535301010,0
535301150,0
535304020,0
535325350,0
535353180,0
535354130,0
535376090,0
535376100,0
535377100,0
535379100,0
535401140,0
535402230,0
535403150,0
535425080,0
535426195,0
535454060,0
535456010,0
535477060,0
535478070,0
535478110,0
902104020,0
902110120,0
902111010,0
902125020,0
902128020,0
902128100,0
902134060,0
902207080,0
902305090,0
902325100,0
902329070,0
902400090,0
903200050,0
903231190,0
903231220,0
903235020,0
903236200,0
903400030,0
903430130,0
903451050,0
903452090,0
903454080,0
904302020,0
904302030,0
905100030,0
905101330,0
905106210,0
905107300,0
905108090,0
905200290,0
905200340,0
905202210,0
905426150,0
905451050,0
905451410,0
906223180,0
906380170,0
906392120,0
906394060,0
907135230,0
907180120,0
907181090,0
907187010,0
907192010,0
907200170,0
907201230,0
907202140,0
907203010,0
907203040,0
907227090,0
907230240,0
907251100,0
907252050,0
907255010,0
907255050,0
907285100,0
907290230,0
907405030,0
907420070,0
908102020,0
908102330,0
908188120,0
908225180,0
908227010,0
908227040,0
908228040,0
908275220,0
909101080,0
909101330,0
909131125,0
909175030,0
909256020,0
909275230,0
909280070,0
909281010,0
909282110,0
909426060,0
909428110,0
909475020,0
910207110,0
911370530,0
914452060,0
914476050,0
916252170,0
916326010,0
916402125,0
916475100,0
923226180,0
923229110,0
923251180,0
924100070,0
