PID,SalePrice
527105030,201796.648957
527127150,238635.195873
527163010,169534.688902
527216070,466755.703647
527258010,351257.452339
527276150,88043.9103023
527368020,215076.88028
527402250,158953.80907
527404120,112134.28338
527451180,91071.3485002
528120090,253840.52675
528120100,258204.668625
528120120,307247.636228
528138020,305681.313991
528175010,231375.251157
528180070,299150.28399
528231020,176056.836183
528292020,209894.251573
528358010,269834.585073
528445060,232214.988826
531451280,195515.482698
531453040,171863.049911
531477050,88673.3628213
532351140,125269.656712
532479070,233759.282598
533130160,291374.627288
533205060,244960.556781
533210060,162624.231487
533223020,173402.712766
533352170,171657.59926
534102025,226317.37218
534129040,197433.862979
534152070,195666.775569
534176230,160108.992976
534251320,157739.889119
534276360,112355.740802
534401140,178437.109128
534451150,31139.6656832
535101020,170530.246027
535304180,134358.302501
535327140,95609.759124
535377090,119649.000761
535401080,160316.712423
535425010,221386.975011
902104060,82499.0597853
902106140,89958.77435
902125160,66417.5602364
902128170,122811.942954
902206040,117927.043129
902206130,118751.538837
902207140,111275.857431
902305110,167557.025475
902402130,108951.537843
902403070,127309.147798
903204040,146974.99737
903233120,139251.45293
903234050,110838.40271
903430080,115606.843252
904300150,72191.4382207
905101310,127018.633069
905105070,148529.118286
905106140,151338.783304
905106170,119786.972697
905107250,153877.801005
905107320,175858.898167
905109130,272208.010766
905109170,235425.836483
905325030,150949.255122
905426200,123846.617332
905452110,86769.796886
905453080,235403.125209
906402200,315560.991586
906425045,152791.385507
907125090,146958.41344
907180050,191472.858497
907200340,131697.696066
907250030,287934.008117
907252120,216651.961843
907262050,226717.161928
907401090,254420.884475
908102060,55109.3762895
908102110,98444.5348487
908102130,105846.380508
908102170,154578.735333
908152080,134004.598071
908203100,94341.7773553
908208020,117496.747351
909100080,121870.35052
909176140,143984.839726
909250060,183564.761055
909281080,216329.533713
909428280,295046.075589
909455040,175284.608147
910202060,122632.936101
910205120,134885.142757
916386010,203665.333551
916386090,256734.53287
923202105,180305.795724
923225300,84252.7646833
923225390,124611.942221
923226320,76399.8585231
923276250,151941.532924
924100050,152462.75779
527108070,340476.854975
527110020,157097.257009
527127100,351522.16582
527131030,276397.042767
527132090,254897.704902
527162110,192569.609353
527162120,186199.336003
527164020,147316.648713
527166010,220621.523682
527182110,222992.057903
527258020,294358.114279
527355150,409192.217856
527356040,165701.111178
527359180,197117.032944
527365030,238961.372474
527375100,219142.039583
527402220,141893.550683
527403040,145680.903792
527451540,90692.821623
527451640,111104.951695
527453050,143263.188853
527453060,147482.398617
527454050,136432.776773
527455050,144883.84424
527455240,100375.835471
528104070,404682.586879
528108010,255094.386273
528108070,347039.054474
528118060,372013.029787
528120020,281242.663151
528142090,313719.225016
528166060,389296.861314
528166090,383242.458342
528168030,295159.949335
528174050,213082.753125
528174060,209830.617663
528174070,215616.389387
528186180,241345.233464
528188020,200930.122351
528218090,170694.634247
528220040,173167.343608
528228290,191829.616884
528235090,201674.21251
528240150,187284.889063
528250020,191949.727021
528275160,244925.28764
528280230,205055.332313
528292040,188835.256576
528292070,196486.165562
528344100,314920.429527
528431070,236168.722903
528441020,231068.049708
528456180,242990.857695
528458020,218306.322597
528458160,325481.320934
528458180,216909.087179
528488100,185614.470514
531369020,238595.807785
531375040,147085.15885
531375090,113176.259944
531375130,150785.125756
531385020,190164.062753
531477020,71247.7768569
532378180,92947.5321655
533206020,234525.956588
533210010,157900.310219
533213010,204634.871281
533213020,182281.856634
533223030,184818.49433
534127130,168701.496327
534128100,155669.401828
534151120,236790.022113
534175080,225510.917658
534226120,104758.744467
534250400,203040.858939
534276040,115915.461968
534278070,151951.218179
534400290,163775.324415
534431130,103464.612629
534475185,170714.058963
534476150,195155.884384
535104120,205869.083057
535126010,198093.582543
535151040,136771.78338
535179160,117418.925231
535300120,183634.038564
535301170,156073.274451
535303150,120426.121855
535325290,99320.9264226
535354070,122673.131471
535376060,146889.869034
535377150,106986.787864
535382100,168789.168985
535383120,69524.5750479
535402010,195090.091447
535402330,194826.489347
535403280,162038.765508
535451250,130210.100801
535453200,156518.765279
902102080,110270.50182
902103100,124448.943002
902103120,130746.269308
902103170,82859.2353071
902106060,143452.106758
902110080,154608.163039
902201110,118146.495081
902205030,48773.1419207
902207170,91954.7237849
902326030,202372.389783
902327070,142263.88602
902329080,132762.591477
902331010,39114.8570242
902402150,91140.1481288
903200080,212000.295638
903201020,143245.562824
903202170,130610.123696
903226130,111753.015642
903227070,118088.876703
903227090,121395.785849
903231060,27415.7718269
903231130,96656.2586509
903458170,94575.2845274
903476090,140662.265094
904301060,155473.994059
904301070,156499.789589
904351240,94416.7491384
905103040,170227.204592
905103070,144431.258142
905105190,135426.339614
905108220,128230.587964
905225090,152667.744567
905451300,114750.420937
905451340,95779.2348127
905452040,142338.284979
905480030,96434.4114167
905480210,103383.12704
906201021,153484.763196
906201130,265825.797423
906226120,149905.447865
906226130,142444.818877
906226140,111374.15128
906230010,304128.028286
906230020,296909.509275
906230030,296923.987002
906380100,251240.621387
906380130,235325.250128
906426210,244985.389285
907126050,153340.671309
907130100,200353.057342
907135170,140276.853866
907181100,202008.588879
907194010,207775.113012
907201280,127985.542955
907202080,147771.683899
907227080,134566.546348
907227290,124973.108224
907252210,237200.682528
907252220,251118.024184
907265010,195823.964228
907275010,231124.854551
907290180,131555.920482
907414080,180964.735133
908102050,101519.301377
908128060,183333.322709
908152035,107483.135321
908154040,299059.398192
908186080,127936.470855
908203090,93071.7659427
908225290,106924.718956
909101010,128538.59471
909129100,106190.138538
909250080,103887.10091
909250220,163181.479155
909251050,156860.655957
909254010,165055.291919
909257050,232675.969935
909275080,192084.560178
909278020,131315.231642
909282130,154537.960764
909451040,110701.8057
909451140,121033.35938
909451180,130811.095975
909475300,238057.888723
910204050,161976.153502
911104060,52569.3554026
911370500,325087.766125
914465040,261891.657791
914465055,239934.337899
914475010,145347.924233
916382100,363996.39588
916382110,329489.15478
916386140,224244.815068
916403010,183475.096852
916403200,207350.166998
916455070,218319.777053
916460110,205962.916786
923201100,126751.747786
923230200,114880.717288
923275040,166879.460391
923400025,158607.980525
526351030,187454.517833
526353050,232772.474152
527106050,172770.623418
527106140,209429.273809
527107210,215802.198018
527208010,373607.254641
527276040,182401.975159
527301170,207788.143449
527302185,238685.729803
527357110,131219.547626
527358120,171104.058592
527427110,151290.056034
527450250,92541.7965355
527451400,87381.3075832
527451550,102669.02876
527453160,140838.670206
528102030,362881.007264
528102110,388129.492263
528108150,309549.199108
528118030,401278.040782
528170070,282073.670439
528180110,309631.006063
528186080,289783.653335
528188090,182318.546088
528190010,209631.17433
528228540,206143.843969
528235020,169240.68751
528235180,195234.714355
528240040,161596.057907
528315060,273682.596304
528363110,356266.635943
528365060,376053.896689
528365080,307426.641215
528427010,211566.936289
528458050,216761.761006
528462040,215150.985049
528477040,214404.630436
528478040,249172.625057
528490080,203380.116928
531363060,156614.398376
531375110,149168.866771
531375120,149970.750991
531382110,178634.067191
531382120,201520.51935
531385060,189575.192161
531450030,190791.530999
532351050,120422.927882
533213120,169766.750695
533236070,193311.625521
533236090,311475.504588
533250160,248271.443148
533350120,250159.599499
534126090,195133.282231
534127210,185337.385136
534127230,175503.452901
534129060,196420.349581
534177180,232610.12959
534201240,140262.689889
534225110,132642.490491
534252270,191574.765049
534400030,160728.543235
534401130,171975.147224
534401190,146124.290745
534403100,290205.135644
534455030,172381.646123
534477080,120777.784501
534479150,105039.714378
535105060,178799.702372
535151160,137304.731182
535178060,126809.752526
535301080,107181.909198
535305160,94533.2598232
535352080,111224.24461
535354200,137923.321621
535380050,135704.443704
535380110,93762.6797511
535425060,111031.84702
535426260,149218.130047
535451230,102539.796772
535453040,120286.524946
535453210,139139.964128
535456100,98858.5176939
535477090,110804.396984
902100020,109375.400467
902100030,79023.2634115
902109110,174825.013033
902201120,75812.4058688
902201140,145537.445932
902202090,149120.205437
902304060,144106.473652
902401120,413871.202924
902405070,194793.046818
902406090,139814.950258
902427045,91202.5141582
903201030,114167.010922
903226060,153704.266904
903226150,119495.13782
903228060,117113.682331
903231080,103919.237291
903232090,162417.952637
903234090,129885.470956
903235100,54158.9045023
903236010,119582.946063
903400180,169374.125852
903401020,164862.656511
903401030,156782.132349
903425420,103260.219494
903452025,51128.2531331
903456130,132284.421105
903458110,100452.422374
903475020,118262.879108
903484020,133074.443955
904100020,106055.227513
904100040,118132.437666
904101170,123497.870733
905103030,139809.954832
905108170,148054.33851
905200090,107514.577429
905227050,130715.910452
905352030,204847.291538
905401045,199646.543089
905425125,222094.231643
905426030,200326.81158
905480150,53196.3534527
906204280,250016.031666
906420130,239039.507419
907126030,153910.627776
907194020,213889.44744
907202010,142839.748823
907202160,154165.822505
907202190,135902.948294
907202240,175701.531833
907227050,124827.161668
907253060,223149.634529
907255060,303107.218461
907260010,243326.262373
907262030,204140.043763
907285080,215676.492416
907290250,122834.550642
907295020,237815.220672
907405140,206340.049366
907412070,208443.074733
908102030,76332.2183552
908103260,120819.964359
908128050,122614.491953
908128110,179049.225479
908152110,163053.501623
908154235,747386.500913
908186040,123415.19782
908226120,112903.702902
908250090,191276.052835
908275180,141023.940646
908275280,148940.843681
908276140,91434.0349964
909100170,86077.9352152
909101180,126062.376021
909131170,135013.40629
909175050,165534.701817
909175100,166119.111936
909275040,169036.134388
909275050,168191.08088
909281030,159437.337018
909425085,251240.48803
909451020,118163.014702
910200080,132736.554341
911370490,325565.48212
911370520,300361.112978
914475020,239569.513716
914476080,132346.503666
916226030,190568.561179
916402215,179135.462268
916460060,224901.905421
923225310,96300.1155106
923225370,102936.768346
923227030,135107.632482
923252100,122432.329679
923400040,145686.567699
924100020,168112.378887
526352080,193458.740235
527110080,170521.201241
527110130,166737.616516
527126030,274407.430327
527165020,155596.796782
527226040,161601.12704
527256040,561411.934566
527301080,186471.664786
527301280,154023.736356
527302090,212350.535098
527325110,169910.793002
527327050,181650.217377
527353080,175082.777237
527356050,131594.951447
527377110,190013.109767
527402090,119411.597962
527402150,127091.079881
527404050,143720.537741
527404140,108681.171284
527427160,146197.177826
527450030,106025.084976
527455030,140232.290825
528102120,292134.214353
528102130,322914.153684
528106110,408421.243309
528120010,276493.769441
528142050,362082.416984
528150110,336784.703582
528150120,333333.921331
528172050,267253.650465
528174030,209081.365001
528181080,214925.400759
528186050,294159.254508
528218020,164352.899367
528221040,188362.06312
528221050,165581.785143
528221090,198024.795237
528222030,181511.979482
528222060,179752.923505
528222090,175609.438048
528228275,190344.668136
528228375,243653.01527
528231030,197441.347331
528275110,213135.313176
528290170,186831.341637
528294010,179343.335022
528322020,343076.595453
528354060,282810.148706
528427100,253441.002883
528429110,258768.788372
528435060,247490.791385
528445020,216571.284075
528456190,208413.241965
528458090,196318.071045
528458130,306991.283427
528458150,300576.020021
528480180,262216.700046
528482090,268088.024854
531376060,183569.521033
531451030,212778.779011
531451150,126598.357608
531477040,143878.988148
532353120,95561.2068103
532354010,145211.087914
532354060,135338.608956
532354070,127388.933869
532378240,116764.157622
532479120,200544.903186
533208010,191159.588074
533208070,161405.353218
533213140,161309.688794
533221060,164130.23272
533221100,170135.513375
533223050,157488.829167
533244040,300730.391567
533250190,206297.273594
533252130,194242.232294
533350020,299304.840091
534104090,239837.980992
534151090,189852.858259
534202030,134692.218385
534252060,119624.459458
534252110,114174.564031
534401120,166774.949231
534403290,215486.076665
534425080,173051.605553
534450090,36387.7124747
534476080,139878.949907
534479120,104802.794534
535101150,142036.683564
535102010,149386.944282
535105110,161741.920806
535176070,149071.220303
535177020,122052.522521
535177110,176691.963646
535301060,154158.994399
535301160,129055.10902
535302070,121789.587595
535304170,127810.277679
535305180,128844.811055
535327200,117527.78293
535450190,96920.4154249
535450220,114446.428765
535450310,160151.989067
535451040,112943.457163
535452060,124108.984113
535453180,142004.514878
535457040,124315.44998
535477180,98678.3458991
902106070,123421.563629
902107050,133009.228019
902205020,78794.0904964
902206270,140185.733157
902300020,194400.699285
902301130,113922.226782
902303100,144600.368008
902330090,208635.191568
903201090,120157.243276
903228080,128534.513744
903231090,138550.785413
903233050,137300.588539
903233140,134542.595883
903401070,125914.628127
903425270,112614.422925
903430040,88094.608813
903454010,131410.798819
903484080,42363.444692
905101070,87168.1464561
905102010,161516.954834
905103110,117166.743121
905104170,109236.087528
905105170,116138.400517
905200010,113035.271781
905226080,167143.643331
905226130,145036.106321
905226170,138360.708318
905228020,110546.498056
905301050,266443.46282
905475270,115686.628149
905476160,156095.442535
906378170,219393.704878
906380010,193224.953207
906380140,189392.699853
906380200,196304.361301
906403060,211947.085145
907125120,130914.699797
907130060,167642.885081
907180040,197133.251799
907192020,183277.734744
907192150,186904.326148
907202100,113531.125141
907227100,123269.082373
907250050,278441.66213
907252020,227266.779525
907260040,187827.756571
907262020,196269.585813
907275150,272510.930878
907285040,238314.747394
907295040,246710.610198
907420050,181953.534801
908102100,151710.599379
908152070,158912.632211
908152280,157139.454527
908152290,160605.407428
908186050,131494.55208
908225310,87309.7270431
909176170,138062.305414
909251040,176655.607321
909254130,195904.229148
909254140,119147.442178
909256120,129200.194462
909275160,159318.289199
909276210,182848.651657
909281020,134635.586964
909282020,232171.456652
909425140,275124.816812
910202030,70979.6256791
910204090,51731.4912312
914452090,163990.219231
914452120,159489.266324
914460020,186581.761831
914460110,211585.860682
916226090,203835.701406
916253320,169904.092742
916384150,259797.600957
916455050,205504.642831
916460020,195313.082712
916475020,261820.87956
921128030,480059.373936
923202134,123442.566071
923204050,178359.167306
923205025,202383.24201
923225050,141894.175384
923228250,74702.883705
923228290,71446.1693638
923229040,147277.016902
923229140,195145.401497
923230120,107031.119309
923252080,110215.228104
923275200,185411.435366
526302040,158164.692107
526303060,191435.636205
527107020,174850.878035
527108030,238134.806955
527146135,302409.065331
527158020,172000.342213
527163020,170061.320194
527166030,188936.746272
527190050,231851.388826
527212030,410860.338962
527212040,356061.835079
527216010,396052.855351
527226010,174390.596965
527256120,416561.495521
527325160,217629.324974
527327080,186826.563068
527355280,203452.704133
527377030,230111.579509
527403120,84090.0094019
527450010,104712.656149
527450080,110403.830293
528102080,375750.910114
528106120,265542.404891
528114010,408516.593009
528116030,352372.583637
528142060,323880.363463
528142110,367915.687575
528144030,290746.710577
528164040,372778.654388
528172150,290736.93214
528174080,227901.019397
528181040,213662.438229
528186110,291863.261664
528218060,172752.858839
528218140,220857.221721
528228325,197888.255024
528228415,169920.211023
528228545,176365.94826
528235050,183352.732969
528235130,197081.019118
528275080,199362.043775
528315070,289134.524128
528344060,302777.340826
528363070,321237.332854
528429130,270194.559261
528456200,204630.931473
528477010,358266.953392
528477030,227570.625795
528480110,197063.979623
528488120,186392.896456
531376050,181064.663187
531379030,186807.084113
531450040,174052.348899
531451290,187614.82501
531479030,118956.174385
532351060,101169.005398
532353180,154860.096653
532376180,87139.0901257
532378050,132439.120113
533125120,435941.36659
533128030,277216.143413
533128090,311269.871536
533221080,170177.393636
533223010,177769.521283
533223110,142039.462903
533241010,193339.865587
533252020,146869.882655
533253090,183692.98767
533253160,179643.671309
534126060,187244.705805
534176250,146129.856332
534201130,132073.748866
534201250,153403.261703
534201260,148993.912624
534202180,153826.579964
534400120,183306.410116
534430050,125321.334504
534451050,126777.560603
534453150,131972.567979
534475160,124841.805438
534476100,130885.440296
534479240,133087.316927
534479300,117730.543629
535101110,123005.101615
535152070,146963.972739
535176050,148445.075243
535180070,113175.538417
535301010,146060.51267
535301150,153271.841983
535304020,137349.476417
535325350,112558.727927
535353180,238993.267796
535354130,131687.848194
535376090,114816.816768
535376100,85291.4314357
535377100,96333.2638892
535379100,150910.462243
535401140,151084.751307
535402230,138350.028597
535403150,144217.99673
535425080,293843.025711
535426195,215715.338634
535454060,49952.2029447
535456010,122862.655838
535477060,141378.925053
535478070,133578.604326
535478110,110126.149788
902104020,133645.113687
902110120,133468.829238
902111010,81405.0716732
902125020,116232.514233
902128020,83546.4096847
902128100,111581.897748
902134060,101845.777447
902207080,115952.757361
902305090,118986.883968
902325100,180152.193461
902329070,112759.675666
902400090,103732.306026
903200050,82332.1459955
903231190,105632.467259
903231220,93000.4082072
903235020,69367.156627
903236200,110589.59173
903400030,85906.3841264
903430130,23488.2190473
903451050,118690.720742
903452090,120498.534528
903454080,128968.149149
904302020,67428.2094987
904302030,119326.707929
905100030,133208.185475
905101330,92576.7680541
905106210,139104.939141
905107300,178328.398329
905108090,150717.727731
905200290,164262.173432
905200340,194107.835903
905202210,144224.527789
905426150,316068.06576
905451050,154519.959356
905451410,130587.95164
906223180,209965.877369
906380170,207017.426675
906392120,301467.440336
906394060,189288.613073
907135230,150343.695657
907180120,209789.269964
907181090,196630.435314
907187010,222026.670435
907192010,212334.592995
907200170,132024.491736
907201230,174894.433155
907202140,141930.521386
907203010,128525.797669
907203040,152790.981838
907227090,118075.222777
907230240,126384.225295
907251100,242192.025404
907252050,205688.191705
907255010,205826.058075
907255050,262014.933037
907285100,232297.008359
907290230,127986.035617
907405030,210377.61476
907420070,183004.573996
908102020,93485.1283508
908102330,95653.7857987
908188120,127350.671741
908225180,90364.2552545
908227010,89758.5792144
908227040,77117.6897131
908228040,119242.675956
908275220,116532.995785
909101080,76977.276337
909101330,17208.1248881
909131125,132036.842713
909175030,144440.131527
909256020,95408.8312683
909275230,173675.224519
909280070,196472.954805
909281010,213989.520329
909282110,180791.198705
909426060,244939.760989
909428110,166657.769883
909475020,221479.714287
910207110,99479.9507653
911370530,296929.414208
914452060,147721.629928
914476050,193751.993607
916252170,130308.784932
916326010,213424.970502
916402125,171345.880961
916475100,302819.067958
923226180,64753.4008404
923229110,181835.183201
923251180,177060.823133
924100070,164572.605364
